# level.txt — Arena level geometry
# Format:
#   room                           — begin a new room
#   w  x0 y0 z0  x1 y1 z1  r g b  — wall (AABB min/max + RGB color 0-1)
#   s  x y z                       — enemy spawn point
#   door                           — mark the last wall added as the door
#   end_room                       — end current room

# =============================================================================
# ROOM 0 — Starting Arena  X=-90..90  Z=-20..82  Y=0..16
# =============================================================================
room

# Perimeter
w  -90 0 82   90 16 83   0.26 0.26 0.34
w   90 0 -20  91 16 83   0.26 0.26 0.34
w  -91 0 -20 -90 16 83   0.26 0.26 0.34
w  -90 0 -21  -7 16 -20  0.26 0.26 0.34
w    7 0 -21  90 16 -20  0.26 0.26 0.34

# Central Hub
w  -12 0  0   12  4  20  0.38 0.22 0.06
w   -6 4  4    6  7  16  0.38 0.22 0.06

# North Fortress
w  -26 0 -14  26  6   2  0.16 0.20 0.30
w  -11 0   2  11  3   8  0.22 0.27 0.22
w  -26 0 -14 -21 12  -9  0.48 0.32 0.04
w   21 0 -14  26 12  -9  0.48 0.32 0.04

# East Elevated Walkway
w   28 0 -8   82  4  12  0.24 0.24 0.30
w   20 0 -5   28  2   9  0.22 0.27 0.22
w   76 4 -8   82 10  -4  0.48 0.32 0.04
w   76 4  8   82 10  12  0.48 0.32 0.04

# West Raised Platforms
w  -82 0 -10 -28  4  10  0.16 0.20 0.30
w  -28 0  -6 -20  2   8  0.22 0.27 0.22
w  -82 4 -10 -76 10  -4  0.48 0.32 0.04
w  -82 4   8 -76 10  12  0.48 0.32 0.04

# SE Compound
w   38 0  38  82  5  78  0.16 0.20 0.30
w   74 5  38  82 13  52  0.48 0.32 0.04

# SW Area
w  -82 0  40 -38  4  78  0.16 0.20 0.30
w  -82 4  40 -74 12  54  0.20 0.16 0.30

# Far NE/NW mega towers
w   82 0 -20  90 14 -12  0.48 0.32 0.04
w  -90 0 -20 -82 14 -12  0.48 0.32 0.04

# Mid-arena pillars
w   -2 0 -15   2  9 -13  0.48 0.32 0.04
w   -2 0  22   2  9  24  0.48 0.32 0.04
w   19 0   2  21  9   4  0.48 0.32 0.04
w  -21 0   2 -19  9   4  0.48 0.32 0.04
w   15 0 -11  17  7  -9  0.48 0.32 0.04
w  -17 0 -11 -15  7  -9  0.48 0.32 0.04
w   15 0  21  17  7  23  0.48 0.32 0.04
w  -17 0  21 -15  7  23  0.48 0.32 0.04

# Floating catwalks
w  -28 7 -13  28 7.4 -11  0.18 0.18 0.24
w   12 7  -3  30 7.4   1  0.18 0.18 0.24
w  -30 7  -3 -12 7.4   1  0.18 0.18 0.24

# Central sky pad + bridges
w   -8 11   2   8 11.4  16  0.08 0.45 0.65
w   -2 8.5 -12   2 8.9   2  0.08 0.45 0.65
w   -2 8.5  16   2 8.9  22  0.08 0.45 0.65

# Cover walls
w   -8 0  30   8 1.5  32  0.34 0.26 0.16
w  -16 0  28 -12 1.5  31  0.34 0.26 0.16
w   12 0  28  16 1.5  31  0.34 0.26 0.16
w  -18 0   8 -15 1.4  12  0.34 0.26 0.16
w   15 0   8  18 1.4  12  0.34 0.26 0.16
w   -6 0  46   6 1.5  48  0.34 0.26 0.16
w  -40 0  25 -36 1.5  29  0.34 0.26 0.16
w   36 0  25  40 1.5  29  0.34 0.26 0.16

# Corridor
w  -7.5 0 -70  -7 10 -20  0.26 0.26 0.34
w    7  0 -70 7.5 10 -20  0.26 0.26 0.34
w  -7.5 10 -70 7.5 10.3 -20  0.10 0.10 0.16

# Door (must be last wall in room)
w  -7 0 -71   7 14 -70  0.55 0.50 0.10
door

# Enemy spawns  (Y<=5 = ground, Y>5 = FLYER)
s   0  0.1  50
s -22  0.1  45
s  22  0.1  45
s   0  0.1  35
s -30  0.1  30
s  30  0.1  30
s -50  2.1   0
s  50  2.1   0
s   0  6.1  -8
s -16  6.1  -8
s  16  6.1  -8
s  58  3.1  55
s -58  3.1  58
s -22  0.1  12
s  22  0.1  12
s   0 11.3   8
s  28  7.5 -12
s -28  7.5 -12
s  60  5.2  57

end_room

# =============================================================================
# ROOM 1 — Deep Compound  X=-90..90  Z=-70..-230  Y=0..16
# =============================================================================
room

# Perimeter
w  -90 0 -71 -7.5 16 -70  0.26 0.26 0.34
w   7.5 0 -71  90 16 -70  0.26 0.26 0.34
w  -90 0 -231  90 16 -230  0.26 0.26 0.34
w   90 0 -231  91 16 -70   0.26 0.26 0.34
w  -91 0 -231 -90 16 -70   0.26 0.26 0.34

# Central Fortress
w  -20 0 -152  20  7 -118  0.32 0.10 0.10
w  -13 7 -150  13 11 -120  0.16 0.20 0.30
w  -20 7 -152 -16 14 -148  0.48 0.32 0.04
w   16 7 -152  20 14 -148  0.48 0.32 0.04
w  -20 7 -122 -16 14 -118  0.48 0.32 0.04
w   16 7 -122  20 14 -118  0.48 0.32 0.04

# Fortress approach riser
w  -10 0 -118  10  3 -110  0.22 0.27 0.22

# East Compound
w   32 0 -202  82  5 -153  0.16 0.20 0.30
w   76 5 -202  82 14 -192  0.48 0.32 0.04

# West Compound
w  -82 0 -202 -32  5 -153  0.16 0.20 0.30
w  -82 5 -202 -76 14 -192  0.48 0.32 0.04

# North Bunker
w  -24 0 -227  24  8 -210  0.32 0.10 0.10
w  -14 0 -210  14  4 -204  0.22 0.27 0.22

# Far corner mega towers
w   80 0 -231  90 14 -220  0.48 0.32 0.04
w  -90 0 -231 -80 14 -220  0.48 0.32 0.04
w   80 0  -81  90 12  -71  0.48 0.32 0.04
w  -90 0  -81 -80 12  -71  0.48 0.32 0.04

# Mid-arena pillars
w   -2 0 -162   2 10 -160  0.48 0.32 0.04
w   -2 0 -108   2 10 -106  0.48 0.32 0.04
w   26 0 -136  28 10 -134  0.48 0.32 0.04
w  -28 0 -136 -26 10 -134  0.48 0.32 0.04
w   26 0 -172  28  8 -170  0.48 0.32 0.04
w  -28 0 -172 -26  8 -170  0.48 0.32 0.04

# Elevated catwalks
w  -28 8 -157  28 8.4 -155  0.18 0.18 0.24
w   22 7 -142  40 7.4 -138  0.18 0.18 0.24
w  -40 7 -142 -22 7.4 -138  0.18 0.18 0.24
w  -28 7 -117  28 7.4 -115  0.18 0.18 0.24

# Sky platforms
w   -9 11 -152   9 11.4 -118  0.08 0.45 0.65
w  -32  9 -183  32  9.4 -165  0.08 0.45 0.65

# Cover walls
w   -8 0 -172   8 1.5 -170  0.34 0.26 0.16
w  -18 0 -170 -14 1.5 -167  0.34 0.26 0.16
w   14 0 -170  18 1.5 -167  0.34 0.26 0.16
w   -8 0 -100   8 1.5  -98  0.34 0.26 0.16
w  -18 0 -100 -14 1.5  -97  0.34 0.26 0.16
w   14 0 -100  18 1.5  -97  0.34 0.26 0.16
w   -6 0 -215   6 1.5 -213  0.34 0.26 0.16
w   37 0 -177  40 1.5 -174  0.34 0.26 0.16
w  -40 0 -177 -37 1.5 -174  0.34 0.26 0.16

# Enemy spawns
s   0  0.1  -85
s -25  0.1  -90
s  25  0.1  -90
s   0  7.1 -135
s -14  7.1 -140
s  14  7.1 -140
s   0 11.3 -135
s -40  0.1 -130
s  40  0.1 -130
s  55  3.1 -175
s  55  3.1 -185
s -55  3.1 -175
s -55  3.1 -185
s   0  5.1 -218
s -14  5.1 -215
s  14  5.1 -215
s  25  9.5 -174
s -25  9.5 -174
s   0  7.5 -200

end_room
